xof 0303txt 0032

template XSkinMeshHeader {
  <3cf169ce-ff7c-44ab-93c0-f78f62d172e2>
  WORD nMaxSkinWeightsPerVertex;
  WORD nMaxSkinWeightsPerFace;
  WORD nBones;
}

template SkinWeights {
  <6f0d123b-bad2-4167-a0d0-80224f25fabb>
  STRING transformNodeName;
  DWORD nWeights;
  array DWORD vertexIndices[nWeights];
  array float weights[nWeights];
  Matrix4x4 matrixOffset;
}

Frame Root {
  FrameTransformMatrix {
     1.000000, 0.000000, 0.000000, 0.000000,
     0.000000,-0.000000, 1.000000, 0.000000,
     0.000000, 1.000000, 0.000000, 0.000000,
     0.000000, 0.000000, 0.000000, 1.000000;;
  }
  Frame pc_rig {
    FrameTransformMatrix {
       1.000000, 0.000000, 0.000000, 0.000000,
       0.000000, 1.000000, 0.000000, 0.000000,
       0.000000, 0.000000, 1.000000, 0.000000,
       0.000000, 0.000000, 0.000000, 1.000000;;
    }
    Frame pc_rig_main {
      FrameTransformMatrix {
        -1.000000,-0.000000,-0.000000, 0.000000,
         0.000000,-0.271363, 0.962477, 0.000000,
        -0.000000, 0.962477, 0.271363, 0.000000,
        -0.000000, 1.222796, 8.262968, 1.000000;;
      }
      Frame pc_rig_hips {
        FrameTransformMatrix {
          -1.000000,-0.000000,-0.000000, 0.000000,
           0.000000,-1.000000,-0.000000, 0.000000,
          -0.000000,-0.000000, 1.000000, 0.000000,
           0.000000, 1.786634, 0.000000, 1.000000;;
        }
        Frame pc_rig_thigh_L {
          FrameTransformMatrix {
             0.999997,-0.002370, 0.000674, 0.000000,
             0.002459, 0.977356,-0.211588, 0.000000,
            -0.000157, 0.211589, 0.977359, 0.000000,
             0.878763, 1.077217,-0.331466, 1.000000;;
          }
          Frame pc_rig_shin_L {
            FrameTransformMatrix {
               0.999898, 0.014221,-0.000832, 0.000000,
              -0.014154, 0.998404, 0.054679, 0.000000,
               0.001608,-0.054662, 0.998504, 0.000000,
              -0.000000, 4.086467, 0.000000, 1.000000;;
            }
            Frame pc_rig_foot_L {
              FrameTransformMatrix {
                -0.999931, 0.011708,-0.001317, 0.000000,
                 0.007264, 0.524674,-0.851272, 0.000000,
                -0.009275,-0.851223,-0.524723, 0.000000,
                 0.000000, 3.621972,-0.000000, 1.000000;;
              }
              Frame pc_rig_toe_L {
                FrameTransformMatrix {
                   1.000000,-0.000000,-0.000000, 0.000000,
                   0.000000, 0.784633, 0.619961, 0.000000,
                   0.000000,-0.619961, 0.784633, 0.000000,
                  -0.000000, 1.465182,-0.000000, 1.000000;;
                }
              } // End of pc_rig_toe_L
            } // End of pc_rig_foot_L
          } // End of pc_rig_shin_L
        } // End of pc_rig_thigh_L
        Frame pc_rig_thigh_R {
          FrameTransformMatrix {
             0.999997, 0.002370,-0.000674, 0.000000,
            -0.002459, 0.977356,-0.211588, 0.000000,
             0.000157, 0.211589, 0.977359, 0.000000,
            -0.878763, 1.077217,-0.331466, 1.000000;;
          }
          Frame pc_rig_shin_R {
            FrameTransformMatrix {
               0.999898,-0.014221, 0.000832, 0.000000,
               0.014154, 0.998404, 0.054679, 0.000000,
              -0.001608,-0.054662, 0.998504, 0.000000,
               0.000000, 4.086467, 0.000000, 1.000000;;
            }
            Frame pc_rig_foot_R {
              FrameTransformMatrix {
                -0.999931,-0.011708, 0.001317, 0.000000,
                -0.007264, 0.524674,-0.851272, 0.000000,
                 0.009275,-0.851223,-0.524723, 0.000000,
                -0.000000, 3.621972,-0.000000, 1.000000;;
              }
              Frame pc_rig_toe_R {
                FrameTransformMatrix {
                   1.000000, 0.000000, 0.000000, 0.000000,
                  -0.000000, 0.784633, 0.619961, 0.000000,
                  -0.000000,-0.619961, 0.784633, 0.000000,
                   0.000000, 1.465182,-0.000000, 1.000000;;
                }
              } // End of pc_rig_toe_R
            } // End of pc_rig_foot_R
          } // End of pc_rig_shin_R
        } // End of pc_rig_thigh_R
      } // End of pc_rig_hips
      Frame pc_rig_spine {
        FrameTransformMatrix {
           1.000000, 0.000000, 0.000000, 0.000000,
          -0.000000, 0.969629, 0.244583, 0.000000,
           0.000000,-0.244583, 0.969629, 0.000000,
           0.000000, 1.786634, 0.000000, 1.000000;;
        }
        Frame pc_rig_ribs {
          FrameTransformMatrix {
             1.000000, 0.000000, 0.000000, 0.000000,
            -0.000000, 0.987237, 0.159261, 0.000000,
             0.000000,-0.159261, 0.987237, 0.000000,
            -0.000000, 1.672280,-0.000000, 1.000000;;
          }
          Frame pc_rig_neck {
            FrameTransformMatrix {
               1.000000, 0.000000, 0.000000, 0.000000,
               0.000000, 0.919395,-0.393336, 0.000000,
              -0.000000, 0.393336, 0.919395, 0.000000,
               0.000000, 2.586369, 0.000000, 1.000000;;
            }
            Frame pc_rig_head {
              FrameTransformMatrix {
                 1.000000, 0.000000,-0.000000, 0.000000,
                 0.000000, 0.963226, 0.268692, 0.000000,
                 0.000000,-0.268692, 0.963226, 0.000000,
                -0.000000, 0.806714,-0.000000, 1.000000;;
              }
              Frame pc_rig_eye_L {
                FrameTransformMatrix {
                   1.000000,-0.000000, 0.000000, 0.000000,
                   0.000000, 0.000000,-1.000000, 0.000000,
                   0.000000, 1.000000, 0.000000, 0.000000,
                  -0.294668, 0.773361,-0.871349, 1.000000;;
                }
              } // End of pc_rig_eye_L
              Frame pc_rig_eye_R {
                FrameTransformMatrix {
                   1.000000,-0.000000, 0.000000, 0.000000,
                   0.000000, 0.000000,-1.000000, 0.000000,
                   0.000000, 1.000000, 0.000000, 0.000000,
                   0.294668, 0.773361,-0.871349, 1.000000;;
                }
              } // End of pc_rig_eye_R
              Frame pc_rig_jaw {
                FrameTransformMatrix {
                   1.000000,-0.000000, 0.000000, 0.000000,
                   0.000000,-0.448292,-0.893887, 0.000000,
                   0.000000, 0.893887,-0.448292, 0.000000,
                   0.000000, 0.242261,-0.354944, 1.000000;;
                }
              } // End of pc_rig_jaw
            } // End of pc_rig_head
          } // End of pc_rig_neck
          Frame pc_rig_shoulder_L {
            FrameTransformMatrix {
              -0.519838,-0.123060,-0.845355, 0.000000,
              -0.851003, 0.160985, 0.499877, 0.000000,
               0.074575, 0.979255,-0.188411, 0.000000,
              -0.233490, 1.973562,-0.749572, 1.000000;;
            }
            Frame pc_rig_upper_arm_L {
              FrameTransformMatrix {
                 0.888431,-0.458640, 0.018426, 0.000000,
                 0.456119, 0.877626,-0.147406, 0.000000,
                 0.051435, 0.139364, 0.988904, 0.000000,
                 0.113407, 1.781911,-0.242245, 1.000000;;
              }
              Frame pc_rig_forearm_L {
                FrameTransformMatrix {
                   0.983193,-0.181183, 0.022472, 0.000000,
                   0.179588, 0.981933, 0.059640, 0.000000,
                  -0.032872,-0.054601, 0.997967, 0.000000,
                   0.000000, 2.099779,-0.000001, 1.000000;;
                }
                Frame pc_rig_hand_L {
                  FrameTransformMatrix {
                     0.999511, 0.030808,-0.005409, 0.000000,
                    -0.030183, 0.995328, 0.091709, 0.000000,
                     0.008209,-0.091501, 0.995771, 0.000000,
                    -0.000000, 2.579310, 0.000000, 1.000000;;
                  }
                  Frame pc_rig_palm_01_L {
                    FrameTransformMatrix {
                       0.986813,-0.161279, 0.013716, 0.000000,
                       0.161530, 0.975822,-0.147240, 0.000000,
                       0.010362, 0.147514, 0.989006, 0.000000,
                       0.207226, 0.189513, 0.075726, 1.000000;;
                    }
                    Frame pc_rig_finger_index_01_L {
                      FrameTransformMatrix {
                         0.996399, 0.084701, 0.003869, 0.000000,
                        -0.084779, 0.994531, 0.060995, 0.000000,
                         0.001318,-0.061103, 0.998131, 0.000000,
                         0.000000, 0.539476,-0.000001, 1.000000;;
                      }
                      Frame pc_rig_finger_index_02_L {
                        FrameTransformMatrix {
                           0.993681, 0.112238,-0.000784, 0.000000,
                          -0.111751, 0.988660,-0.100311, 0.000000,
                          -0.010484, 0.099765, 0.994956, 0.000000,
                           0.000000, 0.291174,-0.000002, 1.000000;;
                        }
                        Frame pc_rig_finger_index_03_L {
                          FrameTransformMatrix {
                             0.999666,-0.025781, 0.001566, 0.000000,
                             0.025828, 0.998054,-0.056750, 0.000000,
                            -0.000100, 0.056771, 0.998387, 0.000000,
                            -0.000000, 0.235427,-0.000000, 1.000000;;
                          }
                        } // End of pc_rig_finger_index_03_L
                      } // End of pc_rig_finger_index_02_L
                    } // End of pc_rig_finger_index_01_L
                    Frame pc_rig_thumb_01_L {
                      FrameTransformMatrix {
                         0.853860,-0.519634,-0.030083, 0.000000,
                         0.477015, 0.804337,-0.354258, 0.000000,
                         0.208281, 0.288136, 0.934664, 0.000000,
                         0.006444,-0.030422,-0.154758, 1.000000;;
                      }
                      Frame pc_rig_thumb_02_L {
                        FrameTransformMatrix {
                           0.920796, 0.353392, 0.165070, 0.000000,
                          -0.368490, 0.926906, 0.071139, 0.000000,
                          -0.127864,-0.126331, 0.983713, 0.000000,
                          -0.000000, 0.294785, 0.000001, 1.000000;;
                        }
                        Frame pc_rig_thumb_03_L {
                          FrameTransformMatrix {
                             0.959501, 0.270149, 0.079856, 0.000000,
                            -0.281680, 0.916292, 0.284721, 0.000000,
                             0.003746,-0.295684, 0.955279, 0.000000,
                            -0.000000, 0.349027,-0.000001, 1.000000;;
                          }
                        } // End of pc_rig_thumb_03_L
                      } // End of pc_rig_thumb_02_L
                    } // End of pc_rig_thumb_01_L
                  } // End of pc_rig_palm_01_L
                  Frame pc_rig_palm_02_L {
                    FrameTransformMatrix {
                       0.999971,-0.005891, 0.004784, 0.000000,
                       0.006332, 0.995148,-0.098183, 0.000000,
                      -0.004183, 0.098211, 0.995157, 0.000000,
                       0.082963, 0.177892, 0.082939, 1.000000;;
                    }
                    Frame pc_rig_finger_middle_01_L {
                      FrameTransformMatrix {
                         0.999314, 0.036983,-0.001816, 0.000000,
                        -0.037027, 0.998394,-0.042884, 0.000000,
                         0.000228, 0.042922, 0.999078, 0.000000,
                        -0.000000, 0.601383, 0.000000, 1.000000;;
                      }
                      Frame pc_rig_finger_middle_02_L {
                        FrameTransformMatrix {
                           0.998484, 0.054859, 0.004391, 0.000000,
                          -0.054507, 0.996779,-0.058828, 0.000000,
                          -0.007605, 0.058499, 0.998259, 0.000000,
                           0.000000, 0.323492,-0.000001, 1.000000;;
                        }
                        Frame pc_rig_finger_middle_03_L {
                          FrameTransformMatrix {
                             0.999587, 0.028231,-0.005366, 0.000000,
                            -0.028565, 0.996502,-0.078535, 0.000000,
                             0.003130, 0.078656, 0.996897, 0.000000,
                             0.000000, 0.258933,-0.000000, 1.000000;;
                          }
                        } // End of pc_rig_finger_middle_03_L
                      } // End of pc_rig_finger_middle_02_L
                    } // End of pc_rig_finger_middle_01_L
                  } // End of pc_rig_palm_02_L
                  Frame pc_rig_palm_03_L {
                    FrameTransformMatrix {
                       0.998481, 0.055070, 0.001736, 0.000000,
                      -0.054607, 0.993304,-0.101805, 0.000000,
                      -0.007331, 0.101556, 0.994803, 0.000000,
                      -0.063190, 0.179845, 0.091792, 1.000000;;
                    }
                    Frame pc_rig_finger_ring_01_L {
                      FrameTransformMatrix {
                         0.998462, 0.055285,-0.004113, 0.000000,
                        -0.055415, 0.997430,-0.045425, 0.000000,
                         0.001591, 0.045583, 0.998959, 0.000000,
                        -0.000000, 0.581760,-0.000001, 1.000000;;
                      }
                      Frame pc_rig_finger_ring_02_L {
                        FrameTransformMatrix {
                           0.999862,-0.010004,-0.013299, 0.000000,
                           0.008317, 0.992571,-0.121385, 0.000000,
                           0.014415, 0.121258, 0.992516, 0.000000,
                          -0.000000, 0.263856, 0.000001, 1.000000;;
                        }
                        Frame pc_rig_finger_ring_03_L {
                          FrameTransformMatrix {
                             0.999982, 0.003610, 0.004738, 0.000000,
                            -0.003492, 0.999688,-0.024719, 0.000000,
                            -0.004826, 0.024702, 0.999683, 0.000000,
                             0.000000, 0.239456, 0.000001, 1.000000;;
                          }
                        } // End of pc_rig_finger_ring_03_L
                      } // End of pc_rig_finger_ring_02_L
                    } // End of pc_rig_finger_ring_01_L
                  } // End of pc_rig_palm_03_L
                  Frame pc_rig_palm_04_L {
                    FrameTransformMatrix {
                       0.980872, 0.194356,-0.010772, 0.000000,
                      -0.194176, 0.973091,-0.124055, 0.000000,
                      -0.013629, 0.123774, 0.992217, 0.000000,
                      -0.190829, 0.166636, 0.073605, 1.000000;;
                    }
                    Frame pc_rig_finger_pinky_01_L {
                      FrameTransformMatrix {
                         0.999737,-0.022691, 0.003275, 0.000000,
                         0.022749, 0.999559,-0.019104, 0.000000,
                        -0.002840, 0.019174, 0.999812, 0.000000,
                        -0.000000, 0.538899,-0.000001, 1.000000;;
                      }
                      Frame pc_rig_finger_pinky_02_L {
                        FrameTransformMatrix {
                           0.994514,-0.104126,-0.010021, 0.000000,
                           0.103456, 0.993221,-0.052995, 0.000000,
                           0.015471, 0.051668, 0.998545, 0.000000,
                           0.000000, 0.201893, 0.000001, 1.000000;;
                        }
                        Frame pc_rig_finger_pinky_03_L {
                          FrameTransformMatrix {
                             0.999094,-0.041784,-0.008032, 0.000000,
                             0.041134, 0.996785,-0.068761, 0.000000,
                             0.010879, 0.068368, 0.997601, 0.000000,
                             0.000000, 0.185914, 0.000000, 1.000000;;
                          }
                        } // End of pc_rig_finger_pinky_03_L
                      } // End of pc_rig_finger_pinky_02_L
                    } // End of pc_rig_finger_pinky_01_L
                  } // End of pc_rig_palm_04_L
                } // End of pc_rig_hand_L
              } // End of pc_rig_forearm_L
              Frame pc_rig_forearm_twist1_L {
                FrameTransformMatrix {
                   0.983193,-0.181183, 0.022472, 0.000000,
                   0.179587, 0.981933, 0.059640, 0.000000,
                  -0.032872,-0.054601, 0.997967, 0.000000,
                   0.000000, 2.099779,-0.000001, 1.000000;;
                }
                Frame pc_rig_forearm_twist2_L {
                  FrameTransformMatrix {
                     1.000000,-0.000000, 0.000000, 0.000000,
                    -0.000000, 1.000000,-0.000000, 0.000000,
                    -0.000000, 0.000000, 1.000000, 0.000000,
                    -0.000000, 1.289655,-0.000001, 1.000000;;
                  }
                } // End of pc_rig_forearm_twist2_L
              } // End of pc_rig_forearm_twist1_L
            } // End of pc_rig_upper_arm_L
          } // End of pc_rig_shoulder_L
          Frame pc_rig_shoulder_R {
            FrameTransformMatrix {
              -0.519839, 0.123060, 0.845354, 0.000000,
               0.851003, 0.160985, 0.499877, 0.000000,
              -0.074575, 0.979255,-0.188411, 0.000000,
               0.233490, 1.973562,-0.749572, 1.000000;;
            }
            Frame pc_rig_upper_arm_R {
              FrameTransformMatrix {
                 0.888431, 0.458640,-0.018426, 0.000000,
                -0.456119, 0.877626,-0.147406, 0.000000,
                -0.051435, 0.139364, 0.988904, 0.000000,
                -0.113407, 1.781912,-0.242245, 1.000000;;
              }
              Frame pc_rig_forearm_R {
                FrameTransformMatrix {
                   0.983193, 0.181183,-0.022472, 0.000000,
                  -0.179588, 0.981932, 0.059640, 0.000000,
                   0.032872,-0.054601, 0.997967, 0.000000,
                   0.000000, 2.099778,-0.000000, 1.000000;;
                }
                Frame pc_rig_hand_R {
                  FrameTransformMatrix {
                     0.999511,-0.030808, 0.005409, 0.000000,
                     0.030183, 0.995328, 0.091709, 0.000000,
                    -0.008209,-0.091501, 0.995771, 0.000000,
                    -0.000000, 2.579309, 0.000001, 1.000000;;
                  }
                  Frame pc_rig_palm_01_R {
                    FrameTransformMatrix {
                       0.986813, 0.161279,-0.013716, 0.000000,
                      -0.161530, 0.975822,-0.147240, 0.000000,
                      -0.010362, 0.147514, 0.989006, 0.000000,
                      -0.207226, 0.189513, 0.075727, 1.000000;;
                    }
                    Frame pc_rig_finger_index_01_R {
                      FrameTransformMatrix {
                         0.996399,-0.084701,-0.003869, 0.000000,
                         0.084779, 0.994531, 0.060995, 0.000000,
                        -0.001318,-0.061103, 0.998131, 0.000000,
                        -0.000000, 0.539475,-0.000001, 1.000000;;
                      }
                      Frame pc_rig_finger_index_02_R {
                        FrameTransformMatrix {
                           0.993681,-0.112238, 0.000784, 0.000000,
                           0.111751, 0.988660,-0.100311, 0.000000,
                           0.010484, 0.099765, 0.994956, 0.000000,
                          -0.000000, 0.291175, 0.000001, 1.000000;;
                        }
                        Frame pc_rig_finger_index_03_R {
                          FrameTransformMatrix {
                             0.999667, 0.025781,-0.001566, 0.000000,
                            -0.025828, 0.998054,-0.056750, 0.000000,
                             0.000100, 0.056771, 0.998387, 0.000000,
                             0.000000, 0.235428, 0.000000, 1.000000;;
                          }
                        } // End of pc_rig_finger_index_03_R
                      } // End of pc_rig_finger_index_02_R
                    } // End of pc_rig_finger_index_01_R
                    Frame pc_rig_thumb_01_R {
                      FrameTransformMatrix {
                         0.853860, 0.519633, 0.030083, 0.000000,
                        -0.477015, 0.804337,-0.354258, 0.000000,
                        -0.208281, 0.288136, 0.934664, 0.000000,
                        -0.006443,-0.030423,-0.154759, 1.000000;;
                      }
                      Frame pc_rig_thumb_02_R {
                        FrameTransformMatrix {
                           0.920796,-0.353392,-0.165070, 0.000000,
                           0.368490, 0.926906, 0.071139, 0.000000,
                           0.127864,-0.126331, 0.983713, 0.000000,
                          -0.000001, 0.294785, 0.000000, 1.000000;;
                        }
                        Frame pc_rig_thumb_03_R {
                          FrameTransformMatrix {
                             0.959501,-0.270149,-0.079856, 0.000000,
                             0.281679, 0.916292, 0.284721, 0.000000,
                            -0.003746,-0.295684, 0.955279, 0.000000,
                            -0.000000, 0.349026, 0.000000, 1.000000;;
                          }
                        } // End of pc_rig_thumb_03_R
                      } // End of pc_rig_thumb_02_R
                    } // End of pc_rig_thumb_01_R
                  } // End of pc_rig_palm_01_R
                  Frame pc_rig_palm_02_R {
                    FrameTransformMatrix {
                       0.999971, 0.005891,-0.004784, 0.000000,
                      -0.006332, 0.995148,-0.098183, 0.000000,
                       0.004183, 0.098211, 0.995157, 0.000000,
                      -0.082963, 0.177891, 0.082940, 1.000000;;
                    }
                    Frame pc_rig_finger_middle_01_R {
                      FrameTransformMatrix {
                         0.999314,-0.036983, 0.001816, 0.000000,
                         0.037027, 0.998394,-0.042884, 0.000000,
                        -0.000228, 0.042922, 0.999078, 0.000000,
                         0.000000, 0.601382, 0.000001, 1.000000;;
                      }
                      Frame pc_rig_finger_middle_02_R {
                        FrameTransformMatrix {
                           0.998484,-0.054859,-0.004391, 0.000000,
                           0.054507, 0.996779,-0.058828, 0.000000,
                           0.007605, 0.058499, 0.998259, 0.000000,
                          -0.000000, 0.323492,-0.000001, 1.000000;;
                        }
                        Frame pc_rig_finger_middle_03_R {
                          FrameTransformMatrix {
                             0.999587,-0.028231, 0.005366, 0.000000,
                             0.028565, 0.996502,-0.078535, 0.000000,
                            -0.003130, 0.078656, 0.996897, 0.000000,
                            -0.000000, 0.258933,-0.000001, 1.000000;;
                          }
                        } // End of pc_rig_finger_middle_03_R
                      } // End of pc_rig_finger_middle_02_R
                    } // End of pc_rig_finger_middle_01_R
                  } // End of pc_rig_palm_02_R
                  Frame pc_rig_palm_03_R {
                    FrameTransformMatrix {
                       0.998481,-0.055070,-0.001736, 0.000000,
                       0.054607, 0.993304,-0.101805, 0.000000,
                       0.007331, 0.101556, 0.994803, 0.000000,
                       0.063190, 0.179844, 0.091793, 1.000000;;
                    }
                    Frame pc_rig_finger_ring_01_R {
                      FrameTransformMatrix {
                         0.998462,-0.055285, 0.004113, 0.000000,
                         0.055415, 0.997430,-0.045425, 0.000000,
                        -0.001591, 0.045583, 0.998959, 0.000000,
                        -0.000000, 0.581759,-0.000001, 1.000000;;
                      }
                      Frame pc_rig_finger_ring_02_R {
                        FrameTransformMatrix {
                           0.999862, 0.010004, 0.013299, 0.000000,
                          -0.008317, 0.992571,-0.121385, 0.000000,
                          -0.014415, 0.121258, 0.992516, 0.000000,
                           0.000000, 0.263856, 0.000001, 1.000000;;
                        }
                        Frame pc_rig_finger_ring_03_R {
                          FrameTransformMatrix {
                             0.999982,-0.003610,-0.004738, 0.000000,
                             0.003492, 0.999688,-0.024719, 0.000000,
                             0.004826, 0.024702, 0.999683, 0.000000,
                             0.000000, 0.239456, 0.000001, 1.000000;;
                          }
                        } // End of pc_rig_finger_ring_03_R
                      } // End of pc_rig_finger_ring_02_R
                    } // End of pc_rig_finger_ring_01_R
                  } // End of pc_rig_palm_03_R
                  Frame pc_rig_palm_04_R {
                    FrameTransformMatrix {
                       0.980872,-0.194356, 0.010772, 0.000000,
                       0.194176, 0.973091,-0.124055, 0.000000,
                       0.013629, 0.123774, 0.992217, 0.000000,
                       0.190829, 0.166636, 0.073605, 1.000000;;
                    }
                    Frame pc_rig_finger_pinky_01_R {
                      FrameTransformMatrix {
                         0.999737, 0.022690,-0.003275, 0.000000,
                        -0.022749, 0.999559,-0.019104, 0.000000,
                         0.002840, 0.019174, 0.999812, 0.000000,
                        -0.000000, 0.538899,-0.000000, 1.000000;;
                      }
                      Frame pc_rig_finger_pinky_02_R {
                        FrameTransformMatrix {
                           0.994514, 0.104126, 0.010021, 0.000000,
                          -0.103456, 0.993221,-0.052995, 0.000000,
                          -0.015471, 0.051668, 0.998544, 0.000000,
                           0.000000, 0.201893, 0.000001, 1.000000;;
                        }
                        Frame pc_rig_finger_pinky_03_R {
                          FrameTransformMatrix {
                             0.999094, 0.041784, 0.008032, 0.000000,
                            -0.041134, 0.996785,-0.068761, 0.000000,
                            -0.010879, 0.068368, 0.997601, 0.000000,
                            -0.000000, 0.185915, 0.000001, 1.000000;;
                          }
                        } // End of pc_rig_finger_pinky_03_R
                      } // End of pc_rig_finger_pinky_02_R
                    } // End of pc_rig_finger_pinky_01_R
                  } // End of pc_rig_palm_04_R
                } // End of pc_rig_hand_R
              } // End of pc_rig_forearm_R
              Frame pc_rig_forearm_twist1_R {
                FrameTransformMatrix {
                   0.983193, 0.181183,-0.022472, 0.000000,
                  -0.179587, 0.981933, 0.059640, 0.000000,
                   0.032872,-0.054601, 0.997967, 0.000000,
                   0.000000, 2.099778,-0.000000, 1.000000;;
                }
                Frame pc_rig_forearm_twist2_R {
                  FrameTransformMatrix {
                     1.000000, 0.000000,-0.000000, 0.000000,
                     0.000000, 1.000000,-0.000000, 0.000000,
                     0.000000, 0.000000, 1.000000, 0.000000,
                     0.000000, 1.289655, 0.000002, 1.000000;;
                  }
                } // End of pc_rig_forearm_twist2_R
              } // End of pc_rig_forearm_twist1_R
            } // End of pc_rig_upper_arm_R
          } // End of pc_rig_shoulder_R
        } // End of pc_rig_ribs
      } // End of pc_rig_spine
    } // End of pc_rig_main
    Frame pc_rig_CON_foot_main_L {
      FrameTransformMatrix {
         1.000000, 0.000000, 0.000000, 0.000000,
         0.000000, 1.000000, 0.000000, 0.000000,
         0.000000, 0.000000, 1.000000, 0.000000,
         0.846406, 0.843422, 0.124575, 1.000000;;
      }
      Frame pc_rig_CON_knee_L {
        FrameTransformMatrix {
          -1.000000, 0.000000, 0.000000, 0.000000,
           0.000000,-1.000000, 0.000000, 0.000000,
           0.000000, 0.000000, 1.000000, 0.000000,
           0.042405,-2.823475, 3.805072, 1.000000;;
        }
      } // End of pc_rig_CON_knee_L
      Frame pc_rig_roll_main_L {
        FrameTransformMatrix {
           1.000000, 0.000000, 0.000000, 0.000000,
           0.000000, 1.000000, 0.000000, 0.000000,
           0.000000, 0.000000, 1.000000, 0.000000,
           0.000000, 1.161765, 0.624979, 1.000000;;
        }
      } // End of pc_rig_roll_main_L
      Frame pc_rig_roll_rear_L {
        FrameTransformMatrix {
          -1.000000, 0.000000, 0.000000, 0.000000,
           0.000000,-1.000000, 0.000000, 0.000000,
           0.000000, 0.000000, 1.000000, 0.000000,
           0.000000, 0.844847, 0.146939, 1.000000;;
        }
        Frame pc_rig_roll_front_L {
          FrameTransformMatrix {
            -1.000000, 0.000000, 0.000000, 0.000000,
             0.000000,-1.000000, 0.000000, 0.000000,
             0.000000, 0.000000, 1.000000, 0.000000,
             0.000000, 1.454717, 0.000000, 1.000000;;
          }
          Frame pc_rig_CON_foot_L {
            FrameTransformMatrix {
              -1.000000,-0.000000, 0.000000, 0.000000,
              -0.000000,-0.784633,-0.619961, 0.000000,
               0.000000,-0.619960, 0.784633, 0.000000,
               0.000000, 1.149631, 0.908355, 1.000000;;
            }
          } // End of pc_rig_CON_foot_L
        } // End of pc_rig_roll_front_L
      } // End of pc_rig_roll_rear_L
    } // End of pc_rig_CON_foot_main_L
    Frame pc_rig_CON_foot_main_R {
      FrameTransformMatrix {
         1.000000, 0.000000, 0.000000, 0.000000,
         0.000000, 1.000000, 0.000000, 0.000000,
         0.000000, 0.000000, 1.000000, 0.000000,
        -0.846406, 0.843422, 0.124575, 1.000000;;
      }
      Frame pc_rig_CON_knee_R {
        FrameTransformMatrix {
          -1.000000, 0.000000, 0.000000, 0.000000,
           0.000000,-1.000000, 0.000000, 0.000000,
           0.000000, 0.000000, 1.000000, 0.000000,
          -0.042405,-2.823475, 3.805072, 1.000000;;
        }
      } // End of pc_rig_CON_knee_R
      Frame pc_rig_roll_main_R {
        FrameTransformMatrix {
           1.000000, 0.000000, 0.000000, 0.000000,
           0.000000, 1.000000, 0.000000, 0.000000,
           0.000000, 0.000000, 1.000000, 0.000000,
           0.000000, 1.161765, 0.624979, 1.000000;;
        }
      } // End of pc_rig_roll_main_R
      Frame pc_rig_roll_rear_R {
        FrameTransformMatrix {
          -1.000000, 0.000000, 0.000000, 0.000000,
           0.000000,-1.000000, 0.000000, 0.000000,
           0.000000, 0.000000, 1.000000, 0.000000,
           0.000000, 0.844847, 0.146939, 1.000000;;
        }
        Frame pc_rig_roll_front_R {
          FrameTransformMatrix {
            -1.000000, 0.000000, 0.000000, 0.000000,
             0.000000,-1.000000, 0.000000, 0.000000,
             0.000000, 0.000000, 1.000000, 0.000000,
             0.000000, 1.454717, 0.000000, 1.000000;;
          }
          Frame pc_rig_CON_foot_R {
            FrameTransformMatrix {
              -1.000000, 0.000000,-0.000000, 0.000000,
               0.000000,-0.784633,-0.619961, 0.000000,
              -0.000000,-0.619960, 0.784633, 0.000000,
               0.000000, 1.149631, 0.908355, 1.000000;;
            }
          } // End of pc_rig_CON_foot_R
        } // End of pc_rig_roll_front_R
      } // End of pc_rig_roll_rear_R
    } // End of pc_rig_CON_foot_main_R
    Frame Plane {
      FrameTransformMatrix {
         1.000000, 0.000000, 0.000000, 0.000000,
         0.000000, 1.000000, 0.000000, 0.000000,
         0.000000, 0.000000, 1.000000, 0.000000,
         0.000000, 0.000000, 0.000000, 1.000000;;
      }
      Mesh { // Plane mesh
        16632;
         0.431936; 1.146259;15.244773;,
         0.303151; 1.274572;15.213678;,
         0.312589; 1.325755;15.330029;,
         0.448262; 1.192876;15.360810;,
         0.431936; 1.146259;15.244773;,
         0.448262; 1.192876;15.360810;,
         0.552730; 1.032813;15.393372;,
         0.528922; 0.987600;15.277149;,
         0.431936; 1.146259;15.244773;,
         0.528922; 0.987600;15.277149;,
         0.507730; 0.945816;15.169011;,
         0.422009; 1.111735;15.138666;,
         0.431936; 1.146259;15.244773;,
         0.422009; 1.111735;15.138666;,
         0.301786; 1.241641;15.109391;,
         0.303151; 1.274572;15.213678;,
         0.156134; 1.337929;15.192970;,
         0.160419; 1.391546;15.310978;,
         0.312589; 1.325755;15.330029;,
         0.303151; 1.274572;15.213678;,
         0.156134; 1.337929;15.192970;,
         0.303151; 1.274572;15.213678;,
         0.301786; 1.241641;15.109391;,
         0.157027; 1.304212;15.087868;,
         0.156134; 1.337929;15.192970;,
         0.157027; 1.304212;15.087868;,
         0.000000; 1.318664;15.079042;,
         0.000000; 1.353369;15.185213;,
         0.156134; 1.337929;15.192970;,
         0.000000; 1.353369;15.185213;,
         0.000000; 1.407669;15.304384;,
         0.160419; 1.391546;15.310978;,
         0.421382; 1.084949;15.026318;,
         0.422009; 1.111735;15.138666;,
         0.507730; 0.945816;15.169011;,
         0.492540; 0.909243;15.056015;,
         0.421382; 1.084949;15.026318;,
         0.492540; 0.909243;15.056015;,
         0.488233; 0.891122;14.933438;,
         0.433212; 1.073264;14.901763;,
         0.421382; 1.084949;15.026318;,
         0.433212; 1.073264;14.901763;,
         0.332384; 1.216293;14.874389;,
         0.311135; 1.221718;14.999836;,
         0.421382; 1.084949;15.026318;,
         0.311135; 1.221718;14.999836;,
         0.301786; 1.241641;15.109391;,
         0.422009; 1.111735;15.138666;,
         0.164632; 1.288327;14.980215;,
         0.157027; 1.304212;15.087868;,
         0.301786; 1.241641;15.109391;,
         0.311135; 1.221718;14.999836;,
         0.164632; 1.288327;14.980215;,
         0.311135; 1.221718;14.999836;,
         0.332384; 1.216293;14.874389;,
         0.179265; 1.285387;14.854719;,
         0.164632; 1.288327;14.980215;,
         0.179265; 1.285387;14.854719;,
        -0.000000; 1.301450;14.846809;,
         0.000000; 1.304092;14.972120;,
         0.164632; 1.288327;14.980215;,
         0.000000; 1.304092;14.972120;,
         0.000000; 1.318664;15.079042;,
         0.157027; 1.304212;15.087868;,
         0.479709; 1.240577;16.326696;,
         0.343965; 1.348043;16.372505;,
         0.337968; 1.192275;16.546572;,
         0.470429; 1.115148;16.477964;,
         0.479709; 1.240577;16.326696;,
         0.470429; 1.115148;16.477964;,
         0.543593; 1.036390;16.407335;,
         0.577157; 1.089390;16.289864;,
         0.479709; 1.240577;16.326696;,
         0.577157; 1.089390;16.289864;,
         0.594090; 1.131493;16.111345;,
         0.490079; 1.311477;16.128159;,
         0.479709; 1.240577;16.326696;,
         0.490079; 1.311477;16.128159;,
         0.349862; 1.444549;16.149048;,
         0.343965; 1.348043;16.372505;,
         0.179230; 1.399174;16.394421;,
         0.176289; 1.232836;16.582006;,
         0.337968; 1.192275;16.546572;,
         0.343965; 1.348043;16.372505;,
         0.179230; 1.399174;16.394421;,
         0.343965; 1.348043;16.372505;,
         0.349862; 1.444549;16.149048;,
         0.181874; 1.504042;16.156790;,
         0.179230; 1.399174;16.394421;,
         0.181874; 1.504042;16.156790;,
         0.000000; 1.515395;16.157373;,
         0.000000; 1.410656;16.399405;,
         0.179230; 1.399174;16.394421;,
         0.000000; 1.410656;16.399405;,
         0.000000; 1.243976;16.591431;,
         0.176289; 1.232836;16.582006;,
         0.471799; 0.931076;16.563866;,
         0.470429; 1.115148;16.477964;,
         0.337968; 1.192275;16.546572;,
         0.338418; 0.978261;16.648226;,
         0.471799; 0.931076;16.563866;,
         0.338418; 0.978261;16.648226;,
         0.335445; 0.721762;16.687063;,
         0.471606; 0.707359;16.594072;,
         0.471799; 0.931076;16.563866;,
         0.471606; 0.707359;16.594072;,
         0.575321; 0.701922;16.464916;,
         0.570126; 0.897026;16.445034;,
         0.471799; 0.931076;16.563866;,
         0.570126; 0.897026;16.445034;,
         0.543593; 1.036390;16.407335;,
         0.470429; 1.115148;16.477964;,
         0.176375; 1.007594;16.694967;,
         0.338418; 0.978261;16.648226;,
         0.337968; 1.192275;16.546572;,
         0.176289; 1.232836;16.582006;,
         0.176375; 1.007594;16.694967;,
         0.176289; 1.232836;16.582006;,
         0.000000; 1.243976;16.591431;,
         0.000000; 1.017798;16.708933;,
         0.176375; 1.007594;16.694967;,
         0.000000; 1.017798;16.708933;,
         0.000000; 0.740038;16.756182;,
         0.174034; 0.734263;16.739845;,
         0.176375; 1.007594;16.694967;,
         0.174034; 0.734263;16.739845;,
         0.335445; 0.721762;16.687063;,
         0.338418; 0.978261;16.648226;,
         0.491982; 1.331962;15.900442;,
         0.490079; 1.311477;16.128159;,
         0.594090; 1.131493;16.111345;,
         0.599212; 1.138259;15.902458;,
         0.491982; 1.331962;15.900442;,
         0.599212; 1.138259;15.902458;,
         0.592960; 1.118162;15.697464;,
         0.484842; 1.310596;15.679917;,
         0.491982; 1.331962;15.900442;,
         0.484842; 1.310596;15.679917;,
         0.341666; 1.463737;15.661854;,
         0.349115; 1.480777;15.899221;,
         0.491982; 1.331962;15.900442;,
         0.349115; 1.480777;15.899221;,
         0.349862; 1.444549;16.149048;,
         0.490079; 1.311477;16.128159;,
         0.180896; 1.544878;15.893699;,
         0.181874; 1.504042;16.156790;,
         0.349862; 1.444549;16.149048;,
         0.349115; 1.480777;15.899221;,
         0.180896; 1.544878;15.893699;,
         0.349115; 1.480777;15.899221;,
         0.341666; 1.463737;15.661854;,
         0.176365; 1.529850;15.646698;,
         0.180896; 1.544878;15.893699;,
         0.176365; 1.529850;15.646698;,
         0.000000; 1.541151;15.639845;,
         0.000000; 1.555750;15.889862;,
         0.180896; 1.544878;15.893699;,
         0.000000; 1.555750;15.889862;,
         0.000000; 1.515395;16.157373;,
         0.181874; 1.504042;16.156790;,
         0.605775; 0.358894;15.329456;,
         0.618912; 0.361263;15.452757;,
         0.596185; 0.224252;15.417776;,
         0.584986; 0.238737;15.291415;,
         0.605775; 0.358894;15.329456;,
         0.584986; 0.238737;15.291415;,
         0.569128; 0.262341;15.183488;,
         0.588850; 0.360200;15.223917;,
         0.605775; 0.358894;15.329456;,
         0.588850; 0.360200;15.223917;,
         0.594999; 0.463352;15.237684;,
         0.619808; 0.452724;15.356088;,
         0.605775; 0.358894;15.329456;,
         0.619808; 0.452724;15.356088;,
         0.643167; 0.486825;15.498553;,
         0.618912; 0.361263;15.452757;,
         0.621924; 0.371024;15.575830;,
         0.596959; 0.218284;15.549709;,
         0.596185; 0.224252;15.417776;,
         0.618912; 0.361263;15.452757;,
         0.621924; 0.371024;15.575830;,
         0.618912; 0.361263;15.452757;,
         0.643167; 0.486825;15.498553;,
         0.642407; 0.495647;15.605312;,
         0.621924; 0.371024;15.575830;,
         0.642407; 0.495647;15.605312;,
         0.646838; 0.540214;15.719172;,
         0.617147; 0.370402;15.704030;,
         0.621924; 0.371024;15.575830;,
         0.617147; 0.370402;15.704030;,
         0.590602; 0.208930;15.680654;,
         0.596959; 0.218284;15.549709;,
         0.606918; 0.341623;15.842712;,
         0.591281; 0.291518;15.993238;,
         0.558773; 0.125568;15.938654;,
