xof 0303txt 0032

template XSkinMeshHeader {
  <3cf169ce-ff7c-44ab-93c0-f78f62d172e2>
  WORD nMaxSkinWeightsPerVertex;
  WORD nMaxSkinWeightsPerFace;
  WORD nBones;
}

template SkinWeights {
  <6f0d123b-bad2-4167-a0d0-80224f25fabb>
  STRING transformNodeName;
  DWORD nWeights;
  array DWORD vertexIndices[nWeights];
  array float weights[nWeights];
  Matrix4x4 matrixOffset;
}

Frame Root {
  FrameTransformMatrix {
     1.000000, 0.000000, 0.000000, 0.000000,
     0.000000, 0.000000, 1.000000, 0.000000,
     0.000000, 1.000000,-0.000000, 0.000000,
     0.000000, 0.000000, 0.000000, 1.000000;;
  }
  Frame pc_rig {
    FrameTransformMatrix {
       1.000000, 0.000000, 0.000000, 0.000000,
       0.000000, 1.000000, 0.000000, 0.000000,
       0.000000, 0.000000, 1.000000, 0.000000,
       0.000000, 0.000000, 0.000000, 1.000000;;
    }
    Frame pc_rig_main {
      FrameTransformMatrix {
        -1.000000,-0.000000,-0.000000, 0.000000,
         0.000000,-0.271363, 0.962477, 0.000000,
        -0.000000, 0.962477, 0.271363, 0.000000,
         0.000000, 1.222796, 8.197432, 1.000000;;
      }
      Frame pc_rig_spine {
        FrameTransformMatrix {
           1.000000, 0.000000, 0.000000, 0.000000,
          -0.000000, 0.969629, 0.244583, 0.000000,
           0.000000,-0.244583, 0.969629, 0.000000,
          -0.000000, 1.786634,-0.000000, 1.000000;;
        }
        Frame pc_rig_ribs {
          FrameTransformMatrix {
             1.000000, 0.000000, 0.000000, 0.000000,
            -0.000000, 0.987237, 0.159261, 0.000000,
             0.000000,-0.159261, 0.987237, 0.000000,
            -0.000000, 1.672279,-0.000000, 1.000000;;
          }
          Frame pc_rig_neck {
            FrameTransformMatrix {
               1.000000, 0.000000, 0.000000, 0.000000,
               0.000000, 0.919395,-0.393336, 0.000000,
              -0.000000, 0.393336, 0.919395, 0.000000,
              -0.000000, 2.586369, 0.000000, 1.000000;;
            }
            Frame pc_rig_head {
              FrameTransformMatrix {
                 1.000000, 0.000000,-0.000000, 0.000000,
                 0.000000, 0.963226, 0.268692, 0.000000,
                 0.000000,-0.268693, 0.963226, 0.000000,
                -0.000000, 0.806714,-0.000000, 1.000000;;
              }
              Frame pc_rig_jaw {
                FrameTransformMatrix {
                   1.000000,-0.000000, 0.000000, 0.000000,
                   0.000000,-0.448292,-0.893887, 0.000000,
                   0.000000, 0.893887,-0.448292, 0.000000,
                   0.000000, 0.242261,-0.354943, 1.000000;;
                }
              } //End of pc_rig_jaw
              Frame pc_rig_eye_L {
                FrameTransformMatrix {
                   1.000000,-0.000000, 0.000000, 0.000000,
                   0.000000,-0.000000,-1.000000, 0.000000,
                   0.000000, 1.000000,-0.000000, 0.000000,
                  -0.294668, 0.773361,-0.871349, 1.000000;;
                }
              } //End of pc_rig_eye_L
              Frame pc_rig_eye_R {
                FrameTransformMatrix {
                   1.000000,-0.000000, 0.000000, 0.000000,
                   0.000000,-0.000000,-1.000000, 0.000000,
                   0.000000, 1.000000,-0.000000, 0.000000,
                   0.294668, 0.773361,-0.871349, 1.000000;;
                }
              } //End of pc_rig_eye_R
            } //End of pc_rig_head
          } //End of pc_rig_neck
          Frame pc_rig_shoulder_L {
            FrameTransformMatrix {
              -0.519838,-0.123060,-0.845355, 0.000000,
              -0.851004, 0.160985, 0.499877, 0.000000,
               0.074575, 0.979255,-0.188411, 0.000000,
              -0.233490, 1.973561,-0.749572, 1.000000;;
            }
            Frame pc_rig_upper_arm_L {
              FrameTransformMatrix {
                 0.775454,-0.591464,-0.221001, 0.000000,
                 0.257411, 0.615748,-0.744711, 0.000000,
                 0.576550, 0.520601, 0.629734, 0.000000,
                -0.038898, 1.536789,-0.182676, 1.000000;;
              }
              Frame pc_rig_forearm_L {
                FrameTransformMatrix {
                   0.542605,-0.744161, 0.389621, 0.000000,
                   0.724455, 0.179825,-0.665454, 0.000000,
                   0.425141, 0.643341, 0.636685, 0.000000,
                   0.000000, 2.393313, 0.000001, 1.000000;;
                }
                Frame pc_rig_hand_L {
                  FrameTransformMatrix {
                     0.042615,-0.630904,-0.774689, 0.000000,
                     0.299945, 0.747704,-0.592429, 0.000000,
                     0.953004,-0.207118, 0.221100, 0.000000,
                    -0.000000, 2.579310,-0.000000, 1.000000;;
                  }
                  Frame pc_rig_palm_01_L {
                    FrameTransformMatrix {
                       0.986813,-0.161279, 0.013716, 0.000000,
                       0.161530, 0.975822,-0.147240, 0.000000,
                       0.010362, 0.147514, 0.989006, 0.000000,
                       0.207225, 0.189514, 0.075726, 1.000000;;
                    }
                    Frame pc_rig_finger_index_01_L {
                      FrameTransformMatrix {
                         0.996399, 0.084701, 0.003869, 0.000000,
                        -0.046751, 0.586892,-0.808314, 0.000000,
                        -0.070736, 0.805223, 0.588738, 0.000000,
                        -0.000001, 0.539476,-0.000000, 1.000000;;
                      }
                      Frame pc_rig_finger_index_02_L {
                        FrameTransformMatrix {
                           0.993681, 0.112238,-0.000784, 0.000000,
                          -0.051326, 0.448164,-0.892477, 0.000000,
                          -0.099819, 0.886878, 0.451092, 0.000000,
                           0.000000, 0.291175, 0.000000, 1.000000;;
                        }
                        Frame pc_rig_finger_index_03_L {
                          FrameTransformMatrix {
                             0.999667,-0.025781, 0.001566, 0.000000,
                             0.013989, 0.489453,-0.871918, 0.000000,
                             0.021712, 0.871649, 0.489650, 0.000000,
                             0.000000, 0.235429,-0.000000, 1.000000;;
                          }
                        } //End of pc_rig_finger_index_03_L
                      } //End of pc_rig_finger_index_02_L
                    } //End of pc_rig_finger_index_01_L
                    Frame pc_rig_thumb_01_L {
                      FrameTransformMatrix {
                         0.869763,-0.492934,-0.022978, 0.000000,
                         0.433697, 0.785797,-0.440943, 0.000000,
                         0.235412, 0.373550, 0.897241, 0.000000,
                         0.006443,-0.030422,-0.154757, 1.000000;;
                      }
                      Frame pc_rig_thumb_02_L {
                        FrameTransformMatrix {
                           0.908290, 0.375588, 0.184233, 0.000000,
                          -0.377285, 0.925700,-0.027124, 0.000000,
                          -0.180732,-0.044872, 0.982508, 0.000000,
                           0.000000, 0.294784, 0.000001, 1.000000;;
                        }
                        Frame pc_rig_thumb_03_L {
                          FrameTransformMatrix {
                             0.951602, 0.289117, 0.104230, 0.000000,
                            -0.304409, 0.933351, 0.190239, 0.000000,
                            -0.042282,-0.212761, 0.976189, 0.000000,
                            -0.000000, 0.349026,-0.000000, 1.000000;;
                          }
                        } //End of pc_rig_thumb_03_L
                      } //End of pc_rig_thumb_02_L
                    } //End of pc_rig_thumb_01_L
                  } //End of pc_rig_palm_01_L
                  Frame pc_rig_palm_02_L {
                    FrameTransformMatrix {
                       0.999971,-0.005891, 0.004784, 0.000000,
                       0.006332, 0.995148,-0.098183, 0.000000,
                      -0.004183, 0.098211, 0.995157, 0.000000,
                       0.082962, 0.177893, 0.082938, 1.000000;;
                    }
                    Frame pc_rig_finger_middle_01_L {
                      FrameTransformMatrix {
                         0.999314, 0.036982,-0.001816, 0.000000,
                        -0.018434, 0.454370,-0.890622, 0.000000,
                        -0.032112, 0.890045, 0.454740, 0.000000,
                         0.000000, 0.601383, 0.000001, 1.000000;;
                      }
                      Frame pc_rig_finger_middle_02_L {
                        FrameTransformMatrix {
                           0.998485, 0.054859, 0.004392, 0.000000,
                          -0.020227, 0.440018,-0.897761, 0.000000,
                          -0.051183, 0.896312, 0.440461, 0.000000,
                           0.000001, 0.323491,-0.000000, 1.000000;;
                        }
                        Frame pc_rig_finger_middle_03_L {
                          FrameTransformMatrix {
                             0.999587, 0.028231,-0.005366, 0.000000,
                            -0.016793, 0.422339,-0.906282, 0.000000,
                            -0.023319, 0.905998, 0.422639, 0.000000,
                             0.000000, 0.258934, 0.000000, 1.000000;;
                          }
                        } //End of pc_rig_finger_middle_03_L
                      } //End of pc_rig_finger_middle_02_L
                    } //End of pc_rig_finger_middle_01_L
                  } //End of pc_rig_palm_02_L
                  Frame pc_rig_palm_03_L {
                    FrameTransformMatrix {
                       0.998481, 0.055070, 0.001736, 0.000000,
                      -0.054607, 0.993304,-0.101805, 0.000000,
                      -0.007331, 0.101555, 0.994803, 0.000000,
                      -0.063190, 0.179845, 0.091792, 1.000000;;
                    }
                    Frame pc_rig_finger_ring_01_L {
                      FrameTransformMatrix {
                         0.998462, 0.055285,-0.004113, 0.000000,
                        -0.038755, 0.643019,-0.764870, 0.000000,
                        -0.039641, 0.763853, 0.644172, 0.000000,
                        -0.000001, 0.581760, 0.000000, 1.000000;;
                      }
                      Frame pc_rig_finger_ring_02_L {
                        FrameTransformMatrix {
                           0.999861,-0.010004,-0.013300, 0.000000,
                          -0.004952, 0.584115,-0.811655, 0.000000,
                           0.015888, 0.811609, 0.583984, 0.000000,
                          -0.000000, 0.263856,-0.000000, 1.000000;;
                        }
                        Frame pc_rig_finger_ring_03_L {
                          FrameTransformMatrix {
                             0.999982, 0.003611, 0.004738, 0.000000,
                             0.001177, 0.659895,-0.751357, 0.000000,
                            -0.005839, 0.751349, 0.659879, 0.000000,
                            -0.000000, 0.239456, 0.000000, 1.000000;;
                          }
                        } //End of pc_rig_finger_ring_03_L
                      } //End of pc_rig_finger_ring_02_L
                    } //End of pc_rig_finger_ring_01_L
                  } //End of pc_rig_palm_03_L
                  Frame pc_rig_palm_04_L {
                    FrameTransformMatrix {
                       0.980872, 0.194356,-0.010772, 0.000000,
                      -0.194176, 0.973091,-0.124055, 0.000000,
                      -0.013629, 0.123774, 0.992217, 0.000000,
                      -0.190830, 0.166637, 0.073604, 1.000000;;
                    }
                    Frame pc_rig_finger_pinky_01_L {
                      FrameTransformMatrix {
                         0.999737,-0.022690, 0.003275, 0.000000,
                         0.015894, 0.583052,-0.812279, 0.000000,
                         0.016522, 0.812118, 0.583260, 0.000000,
                         0.000001, 0.538898, 0.000000, 1.000000;;
                      }
                      Frame pc_rig_finger_pinky_02_L {
                        FrameTransformMatrix {
                           0.994513,-0.104125,-0.010021, 0.000000,
                           0.049544, 0.553231,-0.831554, 0.000000,
                           0.092130, 0.826495, 0.555354, 0.000000,
                           0.000000, 0.201892, 0.000000, 1.000000;;
                        }
                        Frame pc_rig_finger_pinky_03_L {
                          FrameTransformMatrix {
                             0.999094,-0.041784,-0.008032, 0.000000,
                             0.015912, 0.541988,-0.840236, 0.000000,
                             0.039461, 0.839347, 0.542162, 0.000000,
                            -0.000000, 0.185914,-0.000000, 1.000000;;
                          }
                        } //End of pc_rig_finger_pinky_03_L
                      } //End of pc_rig_finger_pinky_02_L
                    } //End of pc_rig_finger_pinky_01_L
                  } //End of pc_rig_palm_04_L
                } //End of pc_rig_hand_L
              } //End of pc_rig_forearm_L
              Frame pc_rig_forearm_twist1_L {
                FrameTransformMatrix {
                   0.542606,-0.744161, 0.389621, 0.000000,
                   0.724455, 0.179825,-0.665453, 0.000000,
                   0.425140, 0.643341, 0.636685, 0.000000,
                  -0.000000, 2.393314,-0.000000, 1.000000;;
                }
                Frame pc_rig_forearm_twist2_L {
                  FrameTransformMatrix {
                     0.922178,-0.000001,-0.386766, 0.000000,
                    -0.000001, 1.000000,-0.000002, 0.000000,
                     0.386766, 0.000002, 0.922178, 0.000000,
                     0.000001, 1.289654, 0.000001, 1.000000;;
                  }
                } //End of pc_rig_forearm_twist2_L
              } //End of pc_rig_forearm_twist1_L
            } //End of pc_rig_upper_arm_L
          } //End of pc_rig_shoulder_L
          Frame pc_rig_shoulder_R {
            FrameTransformMatrix {
              -0.517181, 0.123561, 0.846910, 0.000000,
               0.855671, 0.096332, 0.508476, 0.000000,
              -0.018756, 0.987650,-0.155549, 0.000000,
               0.233490, 1.973561,-0.749572, 1.000000;;
            }
            Frame pc_rig_upper_arm_R {
              FrameTransformMatrix {
                 0.816336, 0.518589, 0.254285, 0.000000,
                -0.216073, 0.682497,-0.698220, 0.000000,
                -0.535638, 0.515038, 0.669200, 0.000000,
                 0.038898, 1.536789,-0.182671, 1.000000;;
              }
              Frame pc_rig_forearm_R {
                FrameTransformMatrix {
                   0.513769, 0.748396,-0.419460, 0.000000,
                  -0.723172, 0.114728,-0.681073, 0.000000,
                  -0.461588, 0.653255, 0.600161, 0.000000,
                  -0.000000, 2.393314,-0.000004, 1.000000;;
                }
                Frame pc_rig_hand_R {
                  FrameTransformMatrix {
                     0.040094, 0.627725, 0.777403, 0.000000,
                    -0.232075, 0.762602,-0.603806, 0.000000,
                    -0.971870,-0.156206, 0.176256, 0.000000,
                    -0.000000, 2.579309, 0.000000, 1.000000;;
                  }
                  Frame pc_rig_palm_01_R {
                    FrameTransformMatrix {
                       0.986814, 0.161279,-0.013716, 0.000000,
                      -0.161530, 0.975822,-0.147240, 0.000000,
                      -0.010362, 0.147514, 0.989006, 0.000000,
                      -0.207227, 0.189513, 0.075727, 1.000000;;
                    }
                    Frame pc_rig_finger_index_01_R {
                      FrameTransformMatrix {
                         0.996399,-0.084701,-0.003869, 0.000000,
                         0.046751, 0.586892,-0.808314, 0.000000,
                         0.070736, 0.805223, 0.588738, 0.000000,
                        -0.000001, 0.539476,-0.000000, 1.000000;;
                      }
                      Frame pc_rig_finger_index_02_R {
                        FrameTransformMatrix {
                           0.993681,-0.112239, 0.000784, 0.000000,
                           0.051325, 0.448164,-0.892477, 0.000000,
                           0.099819, 0.886877, 0.451093, 0.000000,
                           0.000000, 0.291175,-0.000000, 1.000000;;
                        }
                        Frame pc_rig_finger_index_03_R {
                          FrameTransformMatrix {
                             0.999667, 0.025781,-0.001566, 0.000000,
                            -0.013989, 0.489453,-0.871917, 0.000000,
                            -0.021712, 0.871648, 0.489650, 0.000000,
                            -0.000001, 0.235428, 0.000000, 1.000000;;
                          }
                        } //End of pc_rig_finger_index_03_R
                      } //End of pc_rig_finger_index_02_R
                    } //End of pc_rig_finger_index_01_R
                    Frame pc_rig_thumb_01_R {
                      FrameTransformMatrix {
                         0.869763, 0.492934, 0.022978, 0.000000,
                        -0.433697, 0.785797,-0.440943, 0.000000,
                        -0.235412, 0.373550, 0.897241, 0.000000,
                        -0.006444,-0.030422,-0.154757, 1.000000;;
                      }
                      Frame pc_rig_thumb_02_R {
                        FrameTransformMatrix {
                           0.908291,-0.375589,-0.184232, 0.000000,
                           0.377286, 0.925700,-0.027124, 0.000000,
                           0.180731,-0.044872, 0.982508, 0.000000,
                          -0.000001, 0.294784,-0.000000, 1.000000;;
                        }
                        Frame pc_rig_thumb_03_R {
                          FrameTransformMatrix {
                             0.951602,-0.289117,-0.104230, 0.000000,
                             0.304409, 0.933351, 0.190239, 0.000000,
                             0.042281,-0.212760, 0.976189, 0.000000,
                            -0.000000, 0.349026, 0.000000, 1.000000;;
                          }
                        } //End of pc_rig_thumb_03_R
                      } //End of pc_rig_thumb_02_R
                    } //End of pc_rig_thumb_01_R
                  } //End of pc_rig_palm_01_R
                  Frame pc_rig_palm_02_R {
                    FrameTransformMatrix {
                       0.999971, 0.005891,-0.004784, 0.000000,
                      -0.006332, 0.995148,-0.098183, 0.000000,
                       0.004183, 0.098211, 0.995157, 0.000000,
                      -0.082962, 0.177892, 0.082939, 1.000000;;
                    }
                    Frame pc_rig_finger_middle_01_R {
                      FrameTransformMatrix {
                         0.999314,-0.036982, 0.001817, 0.000000,
                         0.018434, 0.454370,-0.890622, 0.000000,
                         0.032112, 0.890045, 0.454741, 0.000000,
                         0.000000, 0.601383,-0.000000, 1.000000;;
                      }
                      Frame pc_rig_finger_middle_02_R {
                        FrameTransformMatrix {
                           0.998484,-0.054859,-0.004391, 0.000000,
                           0.020227, 0.440018,-0.897761, 0.000000,
                           0.051183, 0.896312, 0.440461, 0.000000,
                           0.000000, 0.323491, 0.000000, 1.000000;;
                        }
                        Frame pc_rig_finger_middle_03_R {
                          FrameTransformMatrix {
                             0.999587,-0.028231, 0.005366, 0.000000,
                             0.016793, 0.422340,-0.906282, 0.000000,
                             0.023319, 0.905998, 0.422639, 0.000000,
                             0.000000, 0.258933,-0.000000, 1.000000;;
                          }
                        } //End of pc_rig_finger_middle_03_R
                      } //End of pc_rig_finger_middle_02_R
                    } //End of pc_rig_finger_middle_01_R
                  } //End of pc_rig_palm_02_R
                  Frame pc_rig_palm_03_R {
                    FrameTransformMatrix {
                       0.998481,-0.055070,-0.001736, 0.000000,
                       0.054607, 0.993305,-0.101805, 0.000000,
                       0.007331, 0.101556, 0.994803, 0.000000,
                       0.063189, 0.179845, 0.091793, 1.000000;;
                    }
                    Frame pc_rig_finger_ring_01_R {
                      FrameTransformMatrix {
                         0.998462,-0.055285, 0.004113, 0.000000,
                         0.038755, 0.643019,-0.764869, 0.000000,
                         0.039641, 0.763853, 0.644172, 0.000000,
                         0.000000, 0.581760,-0.000001, 1.000000;;
                      }
                      Frame pc_rig_finger_ring_02_R {
                        FrameTransformMatrix {
                           0.999861, 0.010004, 0.013300, 0.000000,
                           0.004952, 0.584115,-0.811656, 0.000000,
                          -0.015888, 0.811609, 0.583985, 0.000000,
                           0.000000, 0.263856,-0.000000, 1.000000;;
                        }
                        Frame pc_rig_finger_ring_03_R {
                          FrameTransformMatrix {
                             0.999982,-0.003610,-0.004738, 0.000000,
                            -0.001177, 0.659895,-0.751357, 0.000000,
                             0.005839, 0.751349, 0.659879, 0.000000,
                             0.000001, 0.239456, 0.000000, 1.000000;;
                          }
                        } //End of pc_rig_finger_ring_03_R
                      } //End of pc_rig_finger_ring_02_R
                    } //End of pc_rig_finger_ring_01_R
                  } //End of pc_rig_palm_03_R
                  Frame pc_rig_palm_04_R {
                    FrameTransformMatrix {
                       0.980872,-0.194356, 0.010772, 0.000000,
                       0.194176, 0.973091,-0.124055, 0.000000,
                       0.013629, 0.123774, 0.992217, 0.000000,
                       0.190829, 0.166637, 0.073604, 1.000000;;
                    }
                    Frame pc_rig_finger_pinky_01_R {
                      FrameTransformMatrix {
                         0.999737, 0.022690,-0.003275, 0.000000,
                        -0.015894, 0.583052,-0.812279, 0.000000,
                        -0.016522, 0.812118, 0.583260, 0.000000,
                         0.000000, 0.538898, 0.000001, 1.000000;;
                      }
                      Frame pc_rig_finger_pinky_02_R {
                        FrameTransformMatrix {
                           0.994514, 0.104125, 0.010021, 0.000000,
                          -0.049544, 0.553231,-0.831554, 0.000000,
                          -0.092130, 0.826495, 0.555354, 0.000000,
                           0.000000, 0.201893, 0.000000, 1.000000;;
                        }
                        Frame pc_rig_finger_pinky_03_R {
                          FrameTransformMatrix {
                             0.999094, 0.041783, 0.008032, 0.000000,
                            -0.015912, 0.541988,-0.840236, 0.000000,
                            -0.039461, 0.839347, 0.542162, 0.000000,
                            -0.000000, 0.185914, 0.000001, 1.000000;;
                          }
                        } //End of pc_rig_finger_pinky_03_R
                      } //End of pc_rig_finger_pinky_02_R
                    } //End of pc_rig_finger_pinky_01_R
                  } //End of pc_rig_palm_04_R
                } //End of pc_rig_hand_R
              } //End of pc_rig_forearm_R
              Frame pc_rig_forearm_twist1_R {
                FrameTransformMatrix {
                   0.513769, 0.748395,-0.419460, 0.000000,
                  -0.723172, 0.114727,-0.681073, 0.000000,
                  -0.461588, 0.653256, 0.600161, 0.000000,
                   0.000000, 2.393313, 0.000001, 1.000000;;
                }
                Frame pc_rig_forearm_twist2_R {
                  FrameTransformMatrix {
                     0.921343, 0.000001, 0.388752, 0.000000,
                    -0.000000, 1.000000,-0.000001, 0.000000,
                    -0.388753, 0.000001, 0.921342, 0.000000,
                    -0.000001, 1.289655, 0.000000, 1.000000;;
                  }
                } //End of pc_rig_forearm_twist2_R
              } //End of pc_rig_forearm_twist1_R
            } //End of pc_rig_upper_arm_R
          } //End of pc_rig_shoulder_R
        } //End of pc_rig_ribs
      } //End of pc_rig_spine
      Frame pc_rig_hips {
        FrameTransformMatrix {
          -1.000000,-0.000000,-0.000000, 0.000000,
           0.000000,-1.000000, 0.000000, 0.000000,
          -0.000000, 0.000000, 1.000000, 0.000000,
          -0.000000, 1.786634,-0.000000, 1.000000;;
        }
        Frame pc_rig_thigh_L {
          FrameTransformMatrix {
             0.903016,-0.044316, 0.427316, 0.000000,
             0.178214, 0.943686,-0.278740, 0.000000,
            -0.390900, 0.327860, 0.860061, 0.000000,
             0.878763, 1.077216,-0.331466, 1.000000;;
          }
          Frame pc_rig_shin_L {
            FrameTransformMatrix {
               0.999599, 0.028319, 0.000326, 0.000000,
              -0.028187, 0.993654, 0.108888, 0.000000,
               0.002760,-0.108853, 0.994054, 0.000000,
               0.000000, 4.086466, 0.000000, 1.000000;;
            }
            Frame pc_rig_foot_L {
              FrameTransformMatrix {
                -0.990955,-0.129744, 0.034278, 0.000000,
                -0.105025, 0.590816,-0.799942, 0.000000,
                 0.083536,-0.796306,-0.599098, 0.000000,
                -0.000000, 3.621971, 0.000000, 1.000000;;
              }
              Frame pc_rig_toe_L {
                FrameTransformMatrix {
                   1.000000,-0.000000,-0.000000, 0.000000,
                   0.000000, 0.784633, 0.619961, 0.000000,
                   0.000000,-0.619961, 0.784633, 0.000000,
                  -0.000000, 1.465182,-0.000000, 1.000000;;
                }
              } //End of pc_rig_toe_L
            } //End of pc_rig_foot_L
          } //End of pc_rig_shin_L
        } //End of pc_rig_thigh_L
        Frame pc_rig_thigh_R {
          FrameTransformMatrix {
             0.965980, 0.087396,-0.243402, 0.000000,
            -0.141506, 0.966398,-0.214594, 0.000000,
             0.216469, 0.241737, 0.945888, 0.000000,
            -0.878763, 1.077216,-0.331466, 1.000000;;
          }
          Frame pc_rig_shin_R {
            FrameTransformMatrix {
               0.999775,-0.021232, 0.000353, 0.000000,
               0.021132, 0.996438, 0.081635, 0.000000,
              -0.002085,-0.081609, 0.996662, 0.000000,
              -0.000000, 4.086467,-0.000000, 1.000000;;
            }
            Frame pc_rig_foot_R {
              FrameTransformMatrix {
                -0.983443, 0.113793,-0.141035, 0.000000,
                 0.179814, 0.516078,-0.837455, 0.000000,
                -0.022511,-0.848949,-0.527995, 0.000000,
                -0.000000, 3.621971,-0.000000, 1.000000;;
              }
              Frame pc_rig_toe_R {
                FrameTransformMatrix {
                   1.000000,-0.000000, 0.000000, 0.000000,
                  -0.000000, 0.784633, 0.619961, 0.000000,
                  -0.000000,-0.619961, 0.784633, 0.000000,
                  -0.000000, 1.465182, 0.000000, 1.000000;;
                }
              } //End of pc_rig_toe_R
            } //End of pc_rig_foot_R
          } //End of pc_rig_shin_R
        } //End of pc_rig_thigh_R
      } //End of pc_rig_hips
    } //End of pc_rig_main
    Frame pc_rig_weapon {
      FrameTransformMatrix {
        -1.000000, 0.000000, 0.000000, 0.000000,
         0.000000,-1.000000, 0.000000, 0.000000,
         0.000000, 0.000000, 1.000000, 0.000000,
         0.000000, 1.403993, 0.000000, 1.000000;;
      }
      Frame pc_rig_IK_arm_R {
        FrameTransformMatrix {
           0.434674, 0.653013,-0.620188, 0.000000,
          -0.900420, 0.301804,-0.313303, 0.000000,
          -0.017416, 0.694614, 0.719172, 0.000000,
           2.167945, 1.292875, 9.965957, 1.000000;;
        }
        Frame pc_rig_IK_elbow_R {
          FrameTransformMatrix {
            -0.079087,-0.993882, 0.077090, 0.000000,
             0.996858,-0.079183, 0.001810, 0.000000,
             0.004306, 0.076991, 0.997022, 0.000000,
             0.517209,-4.378572, 0.905270, 1.000000;;
          }
        } //End of pc_rig_IK_elbow_R
      } //End of pc_rig_IK_arm_R
      Frame pc_rig_IK_arm_L {
        FrameTransformMatrix {
           0.434674,-0.653013, 0.620188, 0.000000,
           0.900420, 0.301804,-0.313303, 0.000000,
           0.017416, 0.694614, 0.719172, 0.000000,
          -2.222119, 1.292875, 9.965957, 1.000000;;
        }
        Frame pc_rig_IK_elbow_L {
          FrameTransformMatrix {
            -0.079087, 0.993882,-0.077090, 0.000000,
            -0.996858,-0.079183, 0.001810, 0.000000,
            -0.004306, 0.076991, 0.997023, 0.000000,
            -0.326228,-3.707380, 1.165320, 1.000000;;
          }
        } //End of pc_rig_IK_elbow_L
      } //End of pc_rig_IK_arm_L
    } //End of pc_rig_weapon
    Frame pc_rig_CON_foot_main_L {
      FrameTransformMatrix {
         0.927414, 0.374037, 0.000000, 0.000000,
        -0.374037, 0.927414, 0.000000, 0.000000,
         0.000000, 0.000000, 1.000000, 0.000000,
         2.203951, 0.437719, 0.124575, 1.000000;;
      }
      Frame pc_rig_roll_rear_L {
        FrameTransformMatrix {
          -1.000000,-0.000000, 0.000000, 0.000000,
           0.000000,-1.000000, 0.000000, 0.000000,
           0.000000, 0.000000, 1.000000, 0.000000,
          -0.000000, 0.844847, 0.146939, 1.000000;;
        }
        Frame pc_rig_roll_front_L {
          FrameTransformMatrix {
            -1.000000, 0.000000,-0.000000, 0.000000,
             0.000000,-1.000000, 0.000000, 0.000000,
            -0.000000, 0.000000, 1.000000, 0.000000,
            -0.000000, 1.454717, 0.000000, 1.000000;;
          }
          Frame pc_rig_CON_foot_L {
            FrameTransformMatrix {
              -1.000000,-0.000000, 0.000000, 0.000000,
              -0.000000,-0.784633,-0.619961, 0.000000,
               0.000000,-0.619960, 0.784633, 0.000000,
               0.000000, 1.149631, 0.908355, 1.000000;;
            }
          } //End of pc_rig_CON_foot_L
        } //End of pc_rig_roll_front_L
      } //End of pc_rig_roll_rear_L
      Frame pc_rig_CON_knee_L {
        FrameTransformMatrix {
          -1.000000, 0.000000, 0.000000, 0.000000,
           0.000000,-1.000000, 0.000000, 0.000000,
           0.000000, 0.000000, 1.000000, 0.000000,
          -0.289747,-2.689514, 3.728326, 1.000000;;
        }
      } //End of pc_rig_CON_knee_L
      Frame pc_rig_roll_main_L {
        FrameTransformMatrix {
           1.000000, 0.000000, 0.000000, 0.000000,
           0.000000, 1.000000, 0.000000, 0.000000,
           0.000000, 0.000000, 1.000000, 0.000000,
           0.000000, 1.161765, 0.624979, 1.000000;;
        }
      } //End of pc_rig_roll_main_L
    } //End of pc_rig_CON_foot_main_L
    Frame pc_rig_CON_foot_main_R {
      FrameTransformMatrix {
         0.996286,-0.086110, 0.000000, 0.000000,
         0.086110, 0.996286, 0.000000, 0.000000,
         0.000000, 0.000000, 1.000000, 0.000000,
        -1.876268, 0.874630, 0.124575, 1.000000;;
      }
      Frame pc_rig_roll_rear_R {
        FrameTransformMatrix {
          -1.000000,-0.000000, 0.000000, 0.000000,
           0.000000,-1.000000, 0.000000, 0.000000,
          -0.000000, 0.000000, 1.000000, 0.000000,
           0.000000, 0.844846, 0.146939, 1.000000;;
        }
        Frame pc_rig_roll_front_R {
          FrameTransformMatrix {
            -1.000000, 0.000000,-0.000000, 0.000000,
            -0.000000,-1.000000, 0.000000, 0.000000,
            -0.000000, 0.000000, 1.000000, 0.000000,
            -0.000000, 1.454717,-0.000000, 1.000000;;
          }
          Frame pc_rig_CON_foot_R {
            FrameTransformMatrix {
              -1.000000, 0.000000,-0.000000, 0.000000,
               0.000000,-0.784633,-0.619961, 0.000000,
              -0.000000,-0.619960, 0.784633, 0.000000,
               0.000000, 1.149631, 0.908355, 1.000000;;
            }
          } //End of pc_rig_CON_foot_R
        } //End of pc_rig_roll_front_R
      } //End of pc_rig_roll_rear_R
      Frame pc_rig_CON_knee_R {
        FrameTransformMatrix {
          -1.000000, 0.000000, 0.000000, 0.000000,
           0.000000,-1.000000, 0.000000, 0.000000,
           0.000000, 0.000000, 1.000000, 0.000000,
          -0.042405,-2.823475, 3.805072, 1.000000;;
        }
      } //End of pc_rig_CON_knee_R
      Frame pc_rig_roll_main_R {
        FrameTransformMatrix {
           1.000000, 0.000000, 0.000000, 0.000000,
           0.000000, 1.000000, 0.000000, 0.000000,
           0.000000, 0.000000, 1.000000, 0.000000,
           0.000000, 1.161765, 0.624979, 1.000000;;
        }
      } //End of pc_rig_roll_main_R
    } //End of pc_rig_CON_foot_main_R
    Frame eye_L {
      FrameTransformMatrix {
         1.000000, 0.000000, 0.000000, 0.000000,
        -0.000000, 1.000000, 0.000000, 0.000000,
        -0.000000, 0.000000, 1.000000, 0.000000,
        -0.294668,-0.055509,15.702864, 1.000000;;
      }
      Mesh { //Sphere_002 Mesh
        90;
        -0.091782;-0.065500; 0.066684;,
        -0.105981;-0.000000; 0.077000;,
        -0.040481;-0.000000; 0.124588;,
        -0.035058;-0.065500; 0.107897;,
        -0.035058;-0.065500; 0.107897;,
        -0.040481;-0.000000; 0.124588;,
         0.040481;-0.000000; 0.124588;,
         0.035058;-0.065500; 0.107897;,
         0.035058;-0.065500; 0.107897;,
         0.040481;-0.000000; 0.124588;,
         0.105981;-0.000000; 0.077000;,
         0.091782;-0.065500; 0.066684;,
         0.091782;-0.065500; 0.066684;,
         0.105981;-0.000000; 0.077000;,
         0.131000; 0.000000;-0.000000;,
         0.113449;-0.065500;-0.000000;,
         0.036616;-0.113449; 0.050397;,
         0.091782;-0.065500; 0.066684;,
         0.113449;-0.065500;-0.000000;,
         0.059245;-0.113449;-0.019250;,
         0.113449;-0.065500;-0.000000;,
         0.131000; 0.000000;-0.000000;,
         0.105981; 0.000000;-0.077000;,
         0.091782;-0.065500;-0.066684;,
         0.091782;-0.065500;-0.066684;,
         0.105981; 0.000000;-0.077000;,
         0.040481; 0.000000;-0.124588;,
         0.035058;-0.065500;-0.107897;,
         0.035058;-0.065500;-0.107897;,
         0.040481; 0.000000;-0.124588;,
        -0.040481; 0.000000;-0.124588;,
        -0.035058;-0.065500;-0.107897;,
        -0.035058;-0.065500;-0.107897;,
        -0.040481; 0.000000;-0.124588;,
        -0.105981; 0.000000;-0.077000;,
        -0.091782;-0.065500;-0.066684;,
        -0.113449;-0.065500;-0.000000;,
        -0.131000;-0.000000; 0.000000;,
        -0.105981;-0.000000; 0.077000;,
        -0.091782;-0.065500; 0.066684;,
         0.036616;-0.113449; 0.050397;,
         0.059245;-0.113449;-0.019250;,
        -0.000000;-0.131000;-0.000000;,
        -0.091782;-0.065500;-0.066684;,
        -0.105981; 0.000000;-0.077000;,
        -0.131000;-0.000000; 0.000000;,
        -0.113449;-0.065500;-0.000000;,
        -0.091782;-0.065500; 0.066684;,
        -0.035058;-0.065500; 0.107897;,
        -0.036616;-0.113449; 0.050397;,
        -0.036616;-0.113449; 0.050397;,
        -0.035058;-0.065500; 0.107897;,
         0.035058;-0.065500; 0.107897;,
         0.036616;-0.113449; 0.050397;,
         0.035058;-0.065500; 0.107897;,
         0.091782;-0.065500; 0.066684;,
         0.036616;-0.113449; 0.050397;,
         0.113449;-0.065500;-0.000000;,
         0.091782;-0.065500;-0.066684;,
         0.059245;-0.113449;-0.019250;,
         0.059245;-0.113449;-0.019250;,
         0.091782;-0.065500;-0.066684;,
         0.035058;-0.065500;-0.107897;,
        -0.000000;-0.113449;-0.062294;,
         0.035058;-0.065500;-0.107897;,
        -0.035058;-0.065500;-0.107897;,
        -0.000000;-0.113449;-0.062294;,
        -0.000000;-0.113449;-0.062294;,
        -0.035058;-0.065500;-0.107897;,
        -0.091782;-0.065500;-0.066684;,
        -0.059245;-0.113449;-0.019250;,
        -0.059245;-0.113449;-0.019250;,
        -0.113449;-0.065500;-0.000000;,
        -0.091782;-0.065500; 0.066684;,
        -0.036616;-0.113449; 0.050397;,
        -0.059245;-0.113449;-0.019250;,
        -0.036616;-0.113449; 0.050397;,
        -0.000000;-0.131000;-0.000000;,
        -0.036616;-0.113449; 0.050397;,
         0.036616;-0.113449; 0.050397;,
        -0.000000;-0.131000;-0.000000;,
         0.059245;-0.113449;-0.019250;,
        -0.000000;-0.113449;-0.062294;,
        -0.000000;-0.131000;-0.000000;,
        -0.000000;-0.113449;-0.062294;,
        -0.059245;-0.113449;-0.019250;,
        -0.000000;-0.131000;-0.000000;,
        -0.091782;-0.065500;-0.066684;,
        -0.113449;-0.065500;-0.000000;,
        -0.059245;-0.113449;-0.019250;;
        25;
        4;0;1;2;3;,
        4;4;5;6;7;,
        4;8;9;10;11;,
        4;12;13;14;15;,
        4;16;17;18;19;,
        4;20;21;22;23;,
        4;24;25;26;27;,
        4;28;29;30;31;,
        4;32;33;34;35;,
        4;36;37;38;39;,
        3;40;41;42;,
        4;43;44;45;46;,
        3;47;48;49;,
        4;50;51;52;53;,
        3;54;55;56;,
        3;57;58;59;,
        4;60;61;62;63;,
        3;64;65;66;,
        4;67;68;69;70;,
        4;71;72;73;74;,
        3;75;76;77;,
        3;78;79;80;,
        3;81;82;83;,
        3;84;85;86;,
        3;87;88;89;;
        MeshNormals { //Sphere_002 Normals
          90;
           0.705924; 0.504929;-0.496658;,
           0.781426; 0.258797;-0.567736;,
           0.298471; 0.258797;-0.918638;,
           0.254189; 0.504929;-0.824854;,
           0.254189; 0.504929;-0.824854;,
           0.298471; 0.258797;-0.918638;,
          -0.298471; 0.258797;-0.918638;,
          -0.254189; 0.504929;-0.824854;,
          -0.254189; 0.504929;-0.824854;,
          -0.298471; 0.258797;-0.918638;,
          -0.781426; 0.258797;-0.567736;,
          -0.705924; 0.504929;-0.496658;,
          -0.705924; 0.504929;-0.496658;,
          -0.781426; 0.258797;-0.567736;,
          -0.965911; 0.258797;-0.000000;,
          -0.863033; 0.504929;-0.013092;,
          -0.294565; 0.865352;-0.405438;,
          -0.705924; 0.504929;-0.496658;,
          -0.863033; 0.504929;-0.013092;,
          -0.476608; 0.865352; 0.154851;,
          -0.863033; 0.504929;-0.013092;,
          -0.965911; 0.258797;-0.000000;,
          -0.781426; 0.258797; 0.567736;,
          -0.690481; 0.504929; 0.517899;,
          -0.690481; 0.504929; 0.517899;,
          -0.781426; 0.258797; 0.567736;,
          -0.298471; 0.258797; 0.918638;,
          -0.279153; 0.504929; 0.816736;,
          -0.279153; 0.504929; 0.816736;,
          -0.298471; 0.258797; 0.918638;,
           0.298471; 0.258797; 0.918638;,
           0.279153; 0.504929; 0.816736;,
           0.279153; 0.504929; 0.816736;,
           0.298471; 0.258797; 0.918638;,
           0.781426; 0.258797; 0.567736;,
           0.690481; 0.504929; 0.517899;,
           0.863033; 0.504929;-0.013092;,
           0.965911; 0.258797;-0.000000;,
           0.781426; 0.258797;-0.567736;,
           0.705924; 0.504929;-0.496658;,
          -0.294565; 0.865352;-0.405438;,
          -0.476608; 0.865352; 0.154851;,
          -0.000000; 1.000000;-0.000000;,
           0.690481; 0.504929; 0.517899;,
           0.781426; 0.258797; 0.567736;,
           0.965911; 0.258797;-0.000000;,
           0.863033; 0.504929;-0.013092;,
           0.705924; 0.504929;-0.496658;,
           0.254189; 0.504929;-0.824854;,
           0.294565; 0.865352;-0.405438;,
